0 350 0
-40 237 25
-80 200 50
-100 175 70
10 237 0
-120 50 50
0 50 100
50 175 100
125 200 95
200 200 90
110 25 100
225 175 0
200 75 95
-140 100 0
-160 0 0
-160 -100 0
-140 -200 0
-100 -290 0
-10 -350 0
100 -375 0
200 -375 0
300 -370 0
410 -350 0
510 -300 0
600 -225 0
650 -150 0
675 -100 0
675 -25 0
640 25 0
575 50 0
450 75 0
350 90 0
-40 0 100
-150 -75 90
-100 -225 100
25 -300 100
125 -350 100
200 -340 100
350 -330 100
450 -290 100
550 -240 100
640 -120 100
655 0 100
575 20 100
500 50 100
375 75 100
375 75 190
500 40 190
575 -50 175
570 -150 175
400 -225 170
275 -250 170